					PC	SP	BP
Initial values:				0	100	99
 0	JMP	0	0	1	1	100	99		0 0 0 0 0 0 0 0 0 0 
stack:	
 1	INC	0	0	8	2	92	99		0 0 0 0 0 0 0 0 0 0 
stack:	0 0 0 0 0 0 0 0 
 2	LIT	0	0	1	3	92	99		1 0 0 0 0 0 0 0 0 0 
stack:	0 0 0 0 0 0 0 0 
 3	LIT	1	0	4	4	92	99		1 4 0 0 0 0 0 0 0 0 
stack:	0 0 0 0 0 0 0 0 
 4	ADD	0	0	1	5	92	99		5 4 0 0 0 0 0 0 0 0 
stack:	0 0 0 0 0 0 0 0 
Please Enter a Value: 
 5	RED	1	0	0	6	92	99		5 8 0 0 0 0 0 0 0 0 
stack:	0 0 0 0 0 0 0 0 
 6	STO	1	0	0	7	92	99		5 8 0 0 0 0 0 0 0 0 
stack:	0 0 0 0 0 8 0 0 
 7	LIT	0	0	3	8	92	99		3 8 0 0 0 0 0 0 0 0 
stack:	0 0 0 0 0 8 0 0 
 8	LIT	1	0	4	9	92	99		3 4 0 0 0 0 0 0 0 0 
stack:	0 0 0 0 0 8 0 0 
 9	ADD	0	0	1	10	92	99		7 4 0 0 0 0 0 0 0 0 
stack:	0 0 0 0 0 8 0 0 
10	LIT	1	0	4	11	92	99		7 4 0 0 0 0 0 0 0 0 
stack:	0 0 0 0 0 8 0 0 
11	LIT	2	0	7	12	92	99		7 4 7 0 0 0 0 0 0 0 
stack:	0 0 0 0 0 8 0 0 
12	LIT	3	0	13	13	92	99		7 4 7 13 0 0 0 0 0 0 
stack:	0 0 0 0 0 8 0 0 
13	ADD	2	2	3	14	92	99		7 4 20 13 0 0 0 0 0 0 
stack:	0 0 0 0 0 8 0 0 
14	MUL	1	1	2	15	92	99		7 80 20 13 0 0 0 0 0 0 
stack:	0 0 0 0 0 8 0 0 
15	STO	1	0	0	16	92	99		7 80 20 13 0 0 0 0 0 0 
stack:	0 0 0 0 0 8 0 80 
16	LIT	0	0	1	17	92	99		1 80 20 13 0 0 0 0 0 0 
stack:	0 0 0 0 0 8 0 80 
17	LIT	1	0	4	18	92	99		1 4 20 13 0 0 0 0 0 0 
stack:	0 0 0 0 0 8 0 80 
18	ADD	0	0	1	19	92	99		5 4 20 13 0 0 0 0 0 0 
stack:	0 0 0 0 0 8 0 80 
19	LOD	0	0	0	20	92	99		8 4 20 13 0 0 0 0 0 0 
stack:	0 0 0 0 0 8 0 80 
20	LIT	1	0	3	21	92	99		8 3 20 13 0 0 0 0 0 0 
stack:	0 0 0 0 0 8 0 80 
21	LOD	1	0	1	22	92	99		8 0 20 13 0 0 0 0 0 0 
stack:	0 0 0 0 0 8 0 80 
22	NEQ	0	0	1	23	92	99		1 0 20 13 0 0 0 0 0 0 
stack:	0 0 0 0 0 8 0 80 
23	JPC	0	0	30	24	92	99		1 0 20 13 0 0 0 0 0 0 
stack:	0 0 0 0 0 8 0 80 
24	LIT	0	0	0	25	92	99		0 0 20 13 0 0 0 0 0 0 
stack:	0 0 0 0 0 8 0 80 
25	LIT	1	0	4	26	92	99		0 4 20 13 0 0 0 0 0 0 
stack:	0 0 0 0 0 8 0 80 
26	ADD	0	0	1	27	92	99		4 4 20 13 0 0 0 0 0 0 
stack:	0 0 0 0 0 8 0 80 
27	LIT	1	0	2	28	92	99		4 2 20 13 0 0 0 0 0 0 
stack:	0 0 0 0 0 8 0 80 
28	STO	1	0	0	29	92	99		4 2 20 13 0 0 0 0 0 0 
stack:	0 0 0 0 2 8 0 80 
29	JMP	0	0	35	35	92	99		4 2 20 13 0 0 0 0 0 0 
stack:	0 0 0 0 2 8 0 80 
35	HLT	0	0	0	36	92	99		4 2 20 13 0 0 0 0 0 0 
stack:	0 0 0 0 2 8 0 80 
