					PC	SP	BP
Initial values:				0	100	99
 0	JMP	0	0	93	93	100	99		0 0 0 0 0 0 0 0 0 0 
stack:	
93	INC	0	0	8	94	92	99		0 0 0 0 0 0 0 0 0 0 
stack:	0 0 0 0 0 0 0 0 
94	LIT	0	0	1	95	92	99		1 0 0 0 0 0 0 0 0 0 
stack:	0 0 0 0 0 0 0 0 
95	LIT	1	0	4	96	92	99		1 4 0 0 0 0 0 0 0 0 
stack:	0 0 0 0 0 0 0 0 
96	ADD	0	0	1	97	92	99		5 4 0 0 0 0 0 0 0 0 
stack:	0 0 0 0 0 0 0 0 
Please Enter a Value: 
97	RED	1	0	0	98	92	99		5 7 0 0 0 0 0 0 0 0 
stack:	0 0 0 0 0 0 0 0 
98	STO	1	0	0	99	92	99		5 7 0 0 0 0 0 0 0 0 
stack:	0 0 0 0 0 7 0 0 
99	LIT	0	0	3	100	92	99		3 7 0 0 0 0 0 0 0 0 
stack:	0 0 0 0 0 7 0 0 
100	LIT	1	0	4	101	92	99		3 4 0 0 0 0 0 0 0 0 
stack:	0 0 0 0 0 7 0 0 
101	ADD	0	0	1	102	92	99		7 4 0 0 0 0 0 0 0 0 
stack:	0 0 0 0 0 7 0 0 
102	LIT	1	0	4	103	92	99		7 4 0 0 0 0 0 0 0 0 
stack:	0 0 0 0 0 7 0 0 
103	LIT	2	0	7	104	92	99		7 4 7 0 0 0 0 0 0 0 
stack:	0 0 0 0 0 7 0 0 
104	LIT	3	0	13	105	92	99		7 4 7 13 0 0 0 0 0 0 
stack:	0 0 0 0 0 7 0 0 
105	ADD	2	2	3	106	92	99		7 4 20 13 0 0 0 0 0 0 
stack:	0 0 0 0 0 7 0 0 
106	MUL	1	1	2	107	92	99		7 80 20 13 0 0 0 0 0 0 
stack:	0 0 0 0 0 7 0 0 
107	STO	1	0	0	108	92	99		7 80 20 13 0 0 0 0 0 0 
stack:	0 0 0 0 0 7 0 80 
108	CAL	0	0	29	29	92	91		7 80 20 13 0 0 0 0 0 0 
stack:	0 0 0 0 0 7 0 80 
29	INC	0	0	8	30	84	91		7 80 20 13 0 0 0 0 0 0 
stack:	0 0 0 0 0 7 0 80 99 99 109 0 0 0 0 0 
30	LIT	0	0	0	31	84	91		0 80 20 13 0 0 0 0 0 0 
stack:	0 0 0 0 0 7 0 80 99 99 109 0 0 0 0 0 
31	LIT	1	0	4	32	84	91		0 4 20 13 0 0 0 0 0 0 
stack:	0 0 0 0 0 7 0 80 99 99 109 0 0 0 0 0 
32	ADD	0	0	1	33	84	91		4 4 20 13 0 0 0 0 0 0 
stack:	0 0 0 0 0 7 0 80 99 99 109 0 0 0 0 0 
33	LIT	1	0	3	34	84	91		4 3 20 13 0 0 0 0 0 0 
stack:	0 0 0 0 0 7 0 80 99 99 109 0 0 0 0 0 
34	STO	1	0	0	35	84	91		4 3 20 13 0 0 0 0 0 0 
stack:	0 0 0 0 0 7 0 80 99 99 109 0 3 0 0 0 
35	LIT	0	0	1	36	84	91		1 3 20 13 0 0 0 0 0 0 
stack:	0 0 0 0 0 7 0 80 99 99 109 0 3 0 0 0 
36	LIT	1	0	4	37	84	91		1 4 20 13 0 0 0 0 0 0 
stack:	0 0 0 0 0 7 0 80 99 99 109 0 3 0 0 0 
37	ADD	0	0	1	38	84	91		5 4 20 13 0 0 0 0 0 0 
stack:	0 0 0 0 0 7 0 80 99 99 109 0 3 0 0 0 
38	LIT	1	0	4	39	84	91		5 4 20 13 0 0 0 0 0 0 
stack:	0 0 0 0 0 7 0 80 99 99 109 0 3 0 0 0 
39	STO	1	0	0	40	84	91		5 4 20 13 0 0 0 0 0 0 
stack:	0 0 0 0 0 7 0 80 99 99 109 0 3 4 0 0 
40	LIT	0	0	2	41	84	91		2 4 20 13 0 0 0 0 0 0 
stack:	0 0 0 0 0 7 0 80 99 99 109 0 3 4 0 0 
41	LIT	1	0	4	42	84	91		2 4 20 13 0 0 0 0 0 0 
stack:	0 0 0 0 0 7 0 80 99 99 109 0 3 4 0 0 
42	ADD	0	0	1	43	84	91		6 4 20 13 0 0 0 0 0 0 
stack:	0 0 0 0 0 7 0 80 99 99 109 0 3 4 0 0 
43	LIT	1	0	1	44	84	91		6 1 20 13 0 0 0 0 0 0 
stack:	0 0 0 0 0 7 0 80 99 99 109 0 3 4 0 0 
44	NEG	1	0	1	45	84	91		6 -1 20 13 0 0 0 0 0 0 
stack:	0 0 0 0 0 7 0 80 99 99 109 0 3 4 0 0 
45	STO	1	0	0	46	84	91		6 -1 20 13 0 0 0 0 0 0 
stack:	0 0 0 0 0 7 0 80 99 99 109 0 3 4 -1 0 
46	LIT	0	0	3	47	84	91		3 -1 20 13 0 0 0 0 0 0 
stack:	0 0 0 0 0 7 0 80 99 99 109 0 3 4 -1 0 
47	LIT	1	0	7	48	84	91		3 7 20 13 0 0 0 0 0 0 
stack:	0 0 0 0 0 7 0 80 99 99 109 0 3 4 -1 0 
48	LIT	2	0	5	49	84	91		3 7 5 13 0 0 0 0 0 0 
stack:	0 0 0 0 0 7 0 80 99 99 109 0 3 4 -1 0 
49	SUB	1	1	2	50	84	91		3 2 5 13 0 0 0 0 0 0 
stack:	0 0 0 0 0 7 0 80 99 99 109 0 3 4 -1 0 
50	LIT	2	0	4	51	84	91		3 2 4 13 0 0 0 0 0 0 
stack:	0 0 0 0 0 7 0 80 99 99 109 0 3 4 -1 0 
51	ADD	1	1	2	52	84	91		3 6 4 13 0 0 0 0 0 0 
stack:	0 0 0 0 0 7 0 80 99 99 109 0 3 4 -1 0 
52	LOD	1	0	1	53	84	91		3 -1 4 13 0 0 0 0 0 0 
stack:	0 0 0 0 0 7 0 80 99 99 109 0 3 4 -1 0 
53	LIT	2	0	1	54	84	91		3 -1 1 13 0 0 0 0 0 0 
stack:	0 0 0 0 0 7 0 80 99 99 109 0 3 4 -1 0 
54	LIT	3	0	4	55	84	91		3 -1 1 4 0 0 0 0 0 0 
stack:	0 0 0 0 0 7 0 80 99 99 109 0 3 4 -1 0 
55	ADD	2	2	3	56	84	91		3 -1 5 4 0 0 0 0 0 0 
stack:	0 0 0 0 0 7 0 80 99 99 109 0 3 4 -1 0 
56	LOD	2	0	2	57	84	91		3 -1 4 4 0 0 0 0 0 0 
stack:	0 0 0 0 0 7 0 80 99 99 109 0 3 4 -1 0 
57	LIT	3	0	0	58	84	91		3 -1 4 0 0 0 0 0 0 0 
stack:	0 0 0 0 0 7 0 80 99 99 109 0 3 4 -1 0 
58	LIT	4	0	4	59	84	91		3 -1 4 0 4 0 0 0 0 0 
stack:	0 0 0 0 0 7 0 80 99 99 109 0 3 4 -1 0 
59	ADD	3	3	4	60	84	91		3 -1 4 4 4 0 0 0 0 0 
stack:	0 0 0 0 0 7 0 80 99 99 109 0 3 4 -1 0 
60	LOD	3	0	3	61	84	91		3 -1 4 3 4 0 0 0 0 0 
stack:	0 0 0 0 0 7 0 80 99 99 109 0 3 4 -1 0 
61	ADD	2	2	3	62	84	91		3 -1 7 3 4 0 0 0 0 0 
stack:	0 0 0 0 0 7 0 80 99 99 109 0 3 4 -1 0 
62	LIT	3	0	7	63	84	91		3 -1 7 7 4 0 0 0 0 0 
stack:	0 0 0 0 0 7 0 80 99 99 109 0 3 4 -1 0 
63	DIV	2	2	3	64	84	91		3 -1 1 7 4 0 0 0 0 0 
stack:	0 0 0 0 0 7 0 80 99 99 109 0 3 4 -1 0 
64	LIT	3	0	4	65	84	91		3 -1 1 4 4 0 0 0 0 0 
stack:	0 0 0 0 0 7 0 80 99 99 109 0 3 4 -1 0 
65	ADD	2	2	3	66	84	91		3 -1 5 4 4 0 0 0 0 0 
stack:	0 0 0 0 0 7 0 80 99 99 109 0 3 4 -1 0 
66	LOD	2	0	2	67	84	91		3 -1 4 4 4 0 0 0 0 0 
stack:	0 0 0 0 0 7 0 80 99 99 109 0 3 4 -1 0 
67	ADD	1	1	2	68	84	91		3 3 4 4 4 0 0 0 0 0 
stack:	0 0 0 0 0 7 0 80 99 99 109 0 3 4 -1 0 
68	STO	1	1	0	69	84	91		3 3 4 4 4 0 0 0 0 0 
stack:	0 0 0 3 0 7 0 80 99 99 109 0 3 4 -1 0 
69	LIT	0	0	3	70	84	91		3 3 4 4 4 0 0 0 0 0 
stack:	0 0 0 3 0 7 0 80 99 99 109 0 3 4 -1 0 
Please Enter a Value: 
70	RED	1	0	0	71	84	91		3 6 4 4 4 0 0 0 0 0 
stack:	0 0 0 3 0 7 0 80 99 99 109 0 3 4 -1 0 
71	STO	1	0	0	72	84	91		3 6 4 4 4 0 0 0 0 0 
stack:	0 0 0 3 0 7 0 80 99 99 109 6 3 4 -1 0 
72	LIT	0	0	1	73	84	91		1 6 4 4 4 0 0 0 0 0 
stack:	0 0 0 3 0 7 0 80 99 99 109 6 3 4 -1 0 
73	LIT	1	0	4	74	84	91		1 4 4 4 4 0 0 0 0 0 
stack:	0 0 0 3 0 7 0 80 99 99 109 6 3 4 -1 0 
74	ADD	0	0	1	75	84	91		5 4 4 4 4 0 0 0 0 0 
stack:	0 0 0 3 0 7 0 80 99 99 109 6 3 4 -1 0 
75	LOD	0	0	0	76	84	91		4 4 4 4 4 0 0 0 0 0 
stack:	0 0 0 3 0 7 0 80 99 99 109 6 3 4 -1 0 
76	LIT	1	0	3	77	84	91		4 3 4 4 4 0 0 0 0 0 
stack:	0 0 0 3 0 7 0 80 99 99 109 6 3 4 -1 0 
77	LIT	2	0	4	78	84	91		4 3 4 4 4 0 0 0 0 0 
stack:	0 0 0 3 0 7 0 80 99 99 109 6 3 4 -1 0 
78	ADD	1	1	2	79	84	91		4 7 4 4 4 0 0 0 0 0 
stack:	0 0 0 3 0 7 0 80 99 99 109 6 3 4 -1 0 
79	LOD	1	1	1	80	84	91		4 80 4 4 4 0 0 0 0 0 
stack:	0 0 0 3 0 7 0 80 99 99 109 6 3 4 -1 0 
80	GTR	0	0	1	81	84	91		0 80 4 4 4 0 0 0 0 0 
stack:	0 0 0 3 0 7 0 80 99 99 109 6 3 4 -1 0 
81	JPC	0	0	88	88	84	91		0 80 4 4 4 0 0 0 0 0 
stack:	0 0 0 3 0 7 0 80 99 99 109 6 3 4 -1 0 
88	LIT	0	0	7	89	84	91		7 80 4 4 4 0 0 0 0 0 
stack:	0 0 0 3 0 7 0 80 99 99 109 6 3 4 -1 0 
89	LIT	1	0	1	90	84	91		7 1 4 4 4 0 0 0 0 0 
stack:	0 0 0 3 0 7 0 80 99 99 109 6 3 4 -1 0 
90	STO	1	0	0	91	84	91		7 1 4 4 4 0 0 0 0 0 
stack:	0 0 0 3 0 7 0 80 99 99 109 6 3 4 -1 1 
91	CAL	0	0	1	1	84	83		7 1 4 4 4 0 0 0 0 0 
stack:	0 0 0 3 0 7 0 80 99 99 109 6 3 4 -1 1 
 1	INC	0	0	3	2	81	83		7 1 4 4 4 0 0 0 0 0 
stack:	0 0 0 3 0 7 0 80 99 99 109 6 3 4 -1 1 91 91 92 
 2	LIT	0	0	3	3	81	83		3 1 4 4 4 0 0 0 0 0 
stack:	0 0 0 3 0 7 0 80 99 99 109 6 3 4 -1 1 91 91 92 
 3	LOD	0	2	0	4	81	83		3 1 4 4 4 0 0 0 0 0 
stack:	0 0 0 3 0 7 0 80 99 99 109 6 3 4 -1 1 91 91 92 
 4	LIT	1	0	3	5	81	83		3 3 4 4 4 0 0 0 0 0 
stack:	0 0 0 3 0 7 0 80 99 99 109 6 3 4 -1 1 91 91 92 
 5	LIT	2	0	4	6	81	83		3 3 4 4 4 0 0 0 0 0 
stack:	0 0 0 3 0 7 0 80 99 99 109 6 3 4 -1 1 91 91 92 
 6	ADD	1	1	2	7	81	83		3 7 4 4 4 0 0 0 0 0 
stack:	0 0 0 3 0 7 0 80 99 99 109 6 3 4 -1 1 91 91 92 
 7	LOD	1	2	1	8	81	83		3 80 4 4 4 0 0 0 0 0 
stack:	0 0 0 3 0 7 0 80 99 99 109 6 3 4 -1 1 91 91 92 
 8	ADD	0	0	1	9	81	83		83 80 4 4 4 0 0 0 0 0 
stack:	0 0 0 3 0 7 0 80 99 99 109 6 3 4 -1 1 91 91 92 
Write Value: 83
 9	WRT	0	0	0	10	81	83		83 80 4 4 4 0 0 0 0 0 
stack:	0 0 0 3 0 7 0 80 99 99 109 6 3 4 -1 1 91 91 92 
10	LIT	0	0	7	11	81	83		7 80 4 4 4 0 0 0 0 0 
stack:	0 0 0 3 0 7 0 80 99 99 109 6 3 4 -1 1 91 91 92 
11	LIT	1	0	7	12	81	83		7 7 4 4 4 0 0 0 0 0 
stack:	0 0 0 3 0 7 0 80 99 99 109 6 3 4 -1 1 91 91 92 
12	LOD	1	1	1	13	81	83		7 1 4 4 4 0 0 0 0 0 
stack:	0 0 0 3 0 7 0 80 99 99 109 6 3 4 -1 1 91 91 92 
13	LIT	2	0	1	14	81	83		7 1 1 4 4 0 0 0 0 0 
stack:	0 0 0 3 0 7 0 80 99 99 109 6 3 4 -1 1 91 91 92 
14	SUB	1	1	2	15	81	83		7 0 1 4 4 0 0 0 0 0 
stack:	0 0 0 3 0 7 0 80 99 99 109 6 3 4 -1 1 91 91 92 
15	STO	1	1	0	16	81	83		7 0 1 4 4 0 0 0 0 0 
stack:	0 0 0 3 0 7 0 80 99 99 109 6 3 4 -1 0 91 91 92 
16	LIT	0	0	7	17	81	83		7 0 1 4 4 0 0 0 0 0 
stack:	0 0 0 3 0 7 0 80 99 99 109 6 3 4 -1 0 91 91 92 
17	LOD	0	1	0	18	81	83		0 0 1 4 4 0 0 0 0 0 
stack:	0 0 0 3 0 7 0 80 99 99 109 6 3 4 -1 0 91 91 92 
18	LIT	1	0	0	19	81	83		0 0 1 4 4 0 0 0 0 0 
stack:	0 0 0 3 0 7 0 80 99 99 109 6 3 4 -1 0 91 91 92 
19	GEQ	0	0	1	20	81	83		1 0 1 4 4 0 0 0 0 0 
stack:	0 0 0 3 0 7 0 80 99 99 109 6 3 4 -1 0 91 91 92 
20	JPC	0	0	22	21	81	83		1 0 1 4 4 0 0 0 0 0 
stack:	0 0 0 3 0 7 0 80 99 99 109 6 3 4 -1 0 91 91 92 
21	CAL	0	1	1	1	81	80		1 0 1 4 4 0 0 0 0 0 
stack:	0 0 0 3 0 7 0 80 99 99 109 6 3 4 -1 0 91 91 92 
 1	INC	0	0	3	2	78	80		1 0 1 4 4 0 0 0 0 0 
stack:	0 0 0 3 0 7 0 80 99 99 109 6 3 4 -1 0 91 91 92 91 83 22 
 2	LIT	0	0	3	3	78	80		3 0 1 4 4 0 0 0 0 0 
stack:	0 0 0 3 0 7 0 80 99 99 109 6 3 4 -1 0 91 91 92 91 83 22 
 3	LOD	0	2	0	4	78	80		3 0 1 4 4 0 0 0 0 0 
stack:	0 0 0 3 0 7 0 80 99 99 109 6 3 4 -1 0 91 91 92 91 83 22 
 4	LIT	1	0	3	5	78	80		3 3 1 4 4 0 0 0 0 0 
stack:	0 0 0 3 0 7 0 80 99 99 109 6 3 4 -1 0 91 91 92 91 83 22 
 5	LIT	2	0	4	6	78	80		3 3 4 4 4 0 0 0 0 0 
stack:	0 0 0 3 0 7 0 80 99 99 109 6 3 4 -1 0 91 91 92 91 83 22 
 6	ADD	1	1	2	7	78	80		3 7 4 4 4 0 0 0 0 0 
stack:	0 0 0 3 0 7 0 80 99 99 109 6 3 4 -1 0 91 91 92 91 83 22 
 7	LOD	1	2	1	8	78	80		3 80 4 4 4 0 0 0 0 0 
stack:	0 0 0 3 0 7 0 80 99 99 109 6 3 4 -1 0 91 91 92 91 83 22 
 8	ADD	0	0	1	9	78	80		83 80 4 4 4 0 0 0 0 0 
stack:	0 0 0 3 0 7 0 80 99 99 109 6 3 4 -1 0 91 91 92 91 83 22 
Write Value: 83
 9	WRT	0	0	0	10	78	80		83 80 4 4 4 0 0 0 0 0 
stack:	0 0 0 3 0 7 0 80 99 99 109 6 3 4 -1 0 91 91 92 91 83 22 
10	LIT	0	0	7	11	78	80		7 80 4 4 4 0 0 0 0 0 
stack:	0 0 0 3 0 7 0 80 99 99 109 6 3 4 -1 0 91 91 92 91 83 22 
11	LIT	1	0	7	12	78	80		7 7 4 4 4 0 0 0 0 0 
stack:	0 0 0 3 0 7 0 80 99 99 109 6 3 4 -1 0 91 91 92 91 83 22 
12	LOD	1	1	1	13	78	80		7 0 4 4 4 0 0 0 0 0 
stack:	0 0 0 3 0 7 0 80 99 99 109 6 3 4 -1 0 91 91 92 91 83 22 
13	LIT	2	0	1	14	78	80		7 0 1 4 4 0 0 0 0 0 
stack:	0 0 0 3 0 7 0 80 99 99 109 6 3 4 -1 0 91 91 92 91 83 22 
14	SUB	1	1	2	15	78	80		7 -1 1 4 4 0 0 0 0 0 
stack:	0 0 0 3 0 7 0 80 99 99 109 6 3 4 -1 0 91 91 92 91 83 22 
15	STO	1	1	0	16	78	80		7 -1 1 4 4 0 0 0 0 0 
stack:	0 0 0 3 0 7 0 80 99 99 109 6 3 4 -1 -1 91 91 92 91 83 22 
16	LIT	0	0	7	17	78	80		7 -1 1 4 4 0 0 0 0 0 
stack:	0 0 0 3 0 7 0 80 99 99 109 6 3 4 -1 -1 91 91 92 91 83 22 
17	LOD	0	1	0	18	78	80		-1 -1 1 4 4 0 0 0 0 0 
stack:	0 0 0 3 0 7 0 80 99 99 109 6 3 4 -1 -1 91 91 92 91 83 22 
18	LIT	1	0	0	19	78	80		-1 0 1 4 4 0 0 0 0 0 
stack:	0 0 0 3 0 7 0 80 99 99 109 6 3 4 -1 -1 91 91 92 91 83 22 
19	GEQ	0	0	1	20	78	80		0 0 1 4 4 0 0 0 0 0 
stack:	0 0 0 3 0 7 0 80 99 99 109 6 3 4 -1 -1 91 91 92 91 83 22 
20	JPC	0	0	22	22	78	80		0 0 1 4 4 0 0 0 0 0 
stack:	0 0 0 3 0 7 0 80 99 99 109 6 3 4 -1 -1 91 91 92 91 83 22 
22	LIT	0	0	3	23	78	80		3 0 1 4 4 0 0 0 0 0 
stack:	0 0 0 3 0 7 0 80 99 99 109 6 3 4 -1 -1 91 91 92 91 83 22 
23	LIT	1	0	4	24	78	80		3 4 1 4 4 0 0 0 0 0 
stack:	0 0 0 3 0 7 0 80 99 99 109 6 3 4 -1 -1 91 91 92 91 83 22 
24	GTR	0	0	1	25	78	80		0 4 1 4 4 0 0 0 0 0 
stack:	0 0 0 3 0 7 0 80 99 99 109 6 3 4 -1 -1 91 91 92 91 83 22 
25	LIT	1	0	0	26	78	80		0 0 1 4 4 0 0 0 0 0 
stack:	0 0 0 3 0 7 0 80 99 99 109 6 3 4 -1 -1 91 91 92 91 83 22 
26	EQL	0	0	1	27	78	80		1 0 1 4 4 0 0 0 0 0 
stack:	0 0 0 3 0 7 0 80 99 99 109 6 3 4 -1 -1 91 91 92 91 83 22 
27	JPC	0	0	10	28	78	80		1 0 1 4 4 0 0 0 0 0 
stack:	0 0 0 3 0 7 0 80 99 99 109 6 3 4 -1 -1 91 91 92 91 83 22 
28	RET	0	0	0	22	81	83		1 0 1 4 4 0 0 0 0 0 
stack:	0 0 0 3 0 7 0 80 99 99 109 6 3 4 -1 -1 91 91 92 
22	LIT	0	0	3	23	81	83		3 0 1 4 4 0 0 0 0 0 
stack:	0 0 0 3 0 7 0 80 99 99 109 6 3 4 -1 -1 91 91 92 
23	LIT	1	0	4	24	81	83		3 4 1 4 4 0 0 0 0 0 
stack:	0 0 0 3 0 7 0 80 99 99 109 6 3 4 -1 -1 91 91 92 
24	GTR	0	0	1	25	81	83		0 4 1 4 4 0 0 0 0 0 
stack:	0 0 0 3 0 7 0 80 99 99 109 6 3 4 -1 -1 91 91 92 
25	LIT	1	0	0	26	81	83		0 0 1 4 4 0 0 0 0 0 
stack:	0 0 0 3 0 7 0 80 99 99 109 6 3 4 -1 -1 91 91 92 
26	EQL	0	0	1	27	81	83		1 0 1 4 4 0 0 0 0 0 
stack:	0 0 0 3 0 7 0 80 99 99 109 6 3 4 -1 -1 91 91 92 
27	JPC	0	0	10	28	81	83		1 0 1 4 4 0 0 0 0 0 
stack:	0 0 0 3 0 7 0 80 99 99 109 6 3 4 -1 -1 91 91 92 
28	RET	0	0	0	92	84	91		1 0 1 4 4 0 0 0 0 0 
stack:	0 0 0 3 0 7 0 80 99 99 109 6 3 4 -1 -1 
92	RET	0	0	0	109	92	99		1 0 1 4 4 0 0 0 0 0 
stack:	0 0 0 3 0 7 0 80 
109	LIT	0	0	1	110	92	99		1 0 1 4 4 0 0 0 0 0 
stack:	0 0 0 3 0 7 0 80 
110	LIT	1	0	4	111	92	99		1 4 1 4 4 0 0 0 0 0 
stack:	0 0 0 3 0 7 0 80 
111	ADD	0	0	1	112	92	99		5 4 1 4 4 0 0 0 0 0 
stack:	0 0 0 3 0 7 0 80 
112	LOD	0	0	0	113	92	99		7 4 1 4 4 0 0 0 0 0 
stack:	0 0 0 3 0 7 0 80 
113	LIT	1	0	3	114	92	99		7 3 1 4 4 0 0 0 0 0 
stack:	0 0 0 3 0 7 0 80 
114	LOD	1	0	1	115	92	99		7 3 1 4 4 0 0 0 0 0 
stack:	0 0 0 3 0 7 0 80 
115	NEQ	0	0	1	116	92	99		1 3 1 4 4 0 0 0 0 0 
stack:	0 0 0 3 0 7 0 80 
116	JPC	0	0	123	117	92	99		1 3 1 4 4 0 0 0 0 0 
stack:	0 0 0 3 0 7 0 80 
117	LIT	0	0	0	118	92	99		0 3 1 4 4 0 0 0 0 0 
stack:	0 0 0 3 0 7 0 80 
118	LIT	1	0	4	119	92	99		0 4 1 4 4 0 0 0 0 0 
stack:	0 0 0 3 0 7 0 80 
119	ADD	0	0	1	120	92	99		4 4 1 4 4 0 0 0 0 0 
stack:	0 0 0 3 0 7 0 80 
120	LIT	1	0	2	121	92	99		4 2 1 4 4 0 0 0 0 0 
stack:	0 0 0 3 0 7 0 80 
121	STO	1	0	0	122	92	99		4 2 1 4 4 0 0 0 0 0 
stack:	0 0 0 3 2 7 0 80 
122	JMP	0	0	128	128	92	99		4 2 1 4 4 0 0 0 0 0 
stack:	0 0 0 3 2 7 0 80 
128	HLT	0	0	0	129	92	99		4 2 1 4 4 0 0 0 0 0 
stack:	0 0 0 3 2 7 0 80 
